8 0 0 0 0 0 0 0 0
8 1 0 0 0 0 1 1 1
16 1 0 0 1 0 0 1 0 0 0 0 0 0 0 0 0
16 1 0 1 1 0 1 1 0 0 0 0 0 1 0 0 0
16 1 0 1 1 0 1 1 0 0 0 0 0 0 0 1 1
8 1 0 0 0 0 1 1 1
16 1 0 0 1 0 0 1 0 0 0 0 0 0 0 0 0
16 1 0 1 1 0 0 1 0 1 0 0 0 1 0 0 0
8 1 0 0 0 0 0 0 0
8 1 0 0 0 0 0 0 0
16 0 0 0 0 1 1 1 1 1 0 0 0 1 1 1 0
8 1 0 0 0 1 0 1 0
16 1 0 0 0 0 1 1 1 1 1 1 1 1 0 0 0
8 1 0 0 0 1 0 1 0
16 1 0 0 0 1 1 1 1 1 0 1 0 1 1 1 0
16 1 0 0 1 0 0 0 0 0 0 0 0 1 0 0 0
16 1 0 0 1 0 0 0 0 1 0 0 1 0 0 0 0
8 1 0 1 1 1 0 1 0
8 1 0 0 0 0 0 0 0
8 0 0 0 0 0 0 1 0
16 1 0 0 0 1 0 1 0 1 1 1 1 1 0 0 0
16 0 0 1 0 1 0 1 0 1 0 1 1 1 0 1 1
16 0 1 1 1 1 1 1 0 1 0 0 1 0 0 1 0
16 1 0 0 1 0 0 1 0 0 1 0 1 1 0 0 0
16 1 0 1 0 0 1 1 0 1 1 0 1 1 1 1 1
16 1 0 1 0 0 1 1 0 1 1 1 1 1 0 1 0
16 1 0 1 0 0 1 1 0 1 1 1 1 1 1 1 0
8 0 0 0 0 1 1 1 1
8 1 1 1 1 1 1 1 0
8 1 0 1 0 1 0 0 0
8 1 0 1 0 1 0 0 0
24 1 1 1 1 1 1 1 1 1 1 1 1 1 1 1 1 1 1 1 1 1 1 1 1
24 1 1 1 1 1 1 1 1 1 1 1 1 1 0 0 0 0 0 1 0 0 0 0 0
24 1 0 0 1 1 1 1 0 0 1 0 0 1 0 0 1 0 0 1 1 1 1 0 0
24 1 0 0 1 1 1 1 0 0 1 0 0 1 0 0 1 0 0 1 1 1 1 1 1
24 1 0 0 1 1 1 1 0 0 1 0 0 1 0 0 1 0 0 1 1 1 1 1 1
24 1 1 1 1 1 0 1 1 1 1 1 0 1 1 1 1 1 1 1 1 1 1 1 1
24 1 0 0 1 0 1 1 0 0 1 0 0 1 0 0 1 0 0 1 1 1 1 0 0
24 1 0 0 1 0 1 1 0 0 1 0 0 1 0 0 1 0 0 1 0 0 0 0 0
24 1 0 0 1 1 1 1 1 1 1 0 0 1 0 0 1 0 0 1 0 0 1 0 0
8 1 0 0 0 0 0 0 0
8 1 0 0 0 1 0 0 0
8 1 0 1 0 1 0 1 0
8 1 1 1 1 1 1 1 1
8 1 0 0 0 0 1 1 1
16 1 0 0 1 0 0 1 0 0 0 0 0 0 0 0 0
8 0 0 0 0 0 0 0 0
16 0 0 0 0 0 0 0 0 0 0 0 1 0 0 0 0
8 1 0 0 0 0 0 0 0
16 1 1 1 1 1 1 1 1 1 1 1 1 1 0 0 0
8 0 0 0 0 0 0 0 0