0 331 200 200 200 255
0 800 150 0 30 255
0 1893 30 150 0 255
0 2712 95 185 105 255
0 2787 185 95 95 255
1 3056 0 15 135 160
1 4006 130 130 130 75
1 4075 130 130 130 95
1 4150 130 130 130 200
0 4151 205 32 32 255
0 4193 32 205 32 255
0 4418 205 32 32 255
0 4468 32 205 32 255
0 4562 205 32 205 255
0 4600 103 205 205 255
1 4962 160 160 160 100
0 4963 200 200 200 255
0 5438 0 0 0 255
1 5512 200 200 200 120
0 5710 205 32 32 255
0 5787 32 205 230 255
1 6037 150 150 150 75
0 6038 205 205 32 255
0 6187 205 32 32 255
0 6237 32 205 32 255
0 6293 32 32 205 255
0 6325 205 205 32 255
0 6375 205 32 205 255
0 6425 32 205 205 255
0 6475 175 32 99 255
0 6535 65 212 134 255
1 6600 150 150 150 105
1 7143 150 150 150 75
1 7275 32 205 230 230
0 7276 0 0 0 255
1 7962 250 250 250 250
1 9050 250 250 250 250
1 10150 250 250 250 200
1 10962 240 240 240 70
1 11240 220 220 220 70
1 11512 190 190 190 70
1 11787 140 140 140 70
1 13150 250 250 250 250