0 0 0
48 0 0
48 80 0
48 80 80
128 80 80
128 0 80
128 0 0
90 90 -101
100 90 -101
100 90 -91
100 130 -91
60 130 -91
60 130 -51
60 210 -51
70 210 -51
70 215 -51
75 215 -51
75 215 -31
70 215 -31
70 220 -31
65 220 -31
65 220 -26
65 203 -26
65 203 -3
59 211 -3
59 219 3
65 227 3
65 235 -3
62 239 -3
62 243 0
65 247 0
65 251 -3
65 281 -3
70 281 -3
70 281 -8
70 311 -8
65 311 -8
65 311 -3
65 331 -3
62 331 -1
59 331 -3
56 331 -1
53 331 -3
53 411 -3
59 419 -3
51 425 -3
45 417 -3
53 411 -3
53 417 5
53 425 -1
53 419 -9
53 411 -3
53 496 -3
-50 617 -25
-50 596 -25
-50 596 -20
-45 596 -20
-45 596 -25
-50 596 -25
-50 576 -25
-50 576 -20
-55 576 -20
-55 576 -25
-50 576 -25
-50 561 -25
-50 561 -30
-40 561 -30
-40 561 -40
-57 544 -22
-57 544 -32
-40 561 -50
-40 561 -40
-57 544 -22
-57 544 -32
-40 561 -50
-40 561 -40
-40 481 -40
-20 481 -40
-20 481 -20
0 481 -20
0 481 0
0 280 0
